Time, Stroke, Point, x, y
3836.227, 0, 0, 950.3615, 476.1446
3838.221, 0, 1, 950.3615, 476.1446
3839.219, 0, 2, 950.3615, 476.1446
3839.219, 0, 3, 950.3615, 476.1446
3840.216, 0, 4, 950.3615, 476.1446
3841.213, 0, 5, 948.4338, 476.1446
3842.211, 0, 6, 948.4338, 476.1446
3843.208, 0, 7, 948.4338, 476.1446
3844.206, 0, 8, 948.4338, 476.1446
3845.203, 0, 9, 948.4338, 476.1446
3846.2, 0, 10, 948.4338, 476.1446
3847.197, 0, 11, 948.4338, 476.1446
3848.195, 0, 12, 948.4338, 476.1446
3849.192, 0, 13, 946.506, 476.1446
3850.19, 0, 14, 946.506, 476.1446
3851.188, 0, 15, 946.506, 476.1446
3852.184, 0, 16, 946.506, 476.1446
3853.182, 0, 17, 946.506, 476.1446
3854.179, 0, 18, 946.506, 476.1446
3855.176, 0, 19, 946.506, 476.1446
3856.174, 0, 20, 946.506, 476.1446
3856.174, 0, 21, 946.506, 476.1446
3858.168, 0, 22, 944.5783, 476.1446
3859.165, 0, 23, 944.5783, 476.1446
3860.163, 0, 24, 944.5783, 476.1446
3860.163, 0, 25, 944.5783, 476.1446
3861.16, 0, 26, 944.5783, 476.1446
3862.157, 0, 27, 944.5783, 476.1446
3863.155, 0, 28, 944.5783, 476.1446
3864.153, 0, 29, 944.5783, 476.1446
3865.15, 0, 30, 938.7952, 476.1446
3866.146, 0, 31, 938.7952, 476.1446
3867.145, 0, 32, 938.7952, 476.1446
3868.141, 0, 33, 938.7952, 476.1446
3869.139, 0, 34, 938.7952, 476.1446
3870.136, 0, 35, 938.7952, 476.1446
3871.134, 0, 36, 938.7952, 476.1446
3872.131, 0, 37, 938.7952, 476.1446
3873.128, 0, 38, 933.0121, 476.1446
3874.125, 0, 39, 933.0121, 476.1446
3875.123, 0, 40, 933.0121, 476.1446
3876.12, 0, 41, 933.0121, 476.1446
3877.117, 0, 42, 933.0121, 476.1446
3878.115, 0, 43, 933.0121, 476.1446
3879.112, 0, 44, 933.0121, 476.1446
3880.109, 0, 45, 933.0121, 476.1446
3881.108, 0, 46, 927.2289, 476.1446
3882.104, 0, 47, 927.2289, 476.1446
3883.101, 0, 48, 927.2289, 476.1446
3884.099, 0, 49, 927.2289, 476.1446
3885.096, 0, 50, 927.2289, 476.1446
3886.094, 0, 51, 927.2289, 476.1446
3887.091, 0, 52, 927.2289, 476.1446
3888.088, 0, 53, 927.2289, 476.1446
3889.085, 0, 54, 915.6627, 472.2892
3890.083, 0, 55, 915.6627, 472.2892
3891.08, 0, 56, 915.6627, 472.2892
3892.077, 0, 57, 915.6627, 472.2892
3893.075, 0, 58, 915.6627, 472.2892
3894.072, 0, 59, 915.6627, 472.2892
3894.072, 0, 60, 915.6627, 472.2892
3895.069, 0, 61, 915.6627, 472.2892
3896.067, 0, 62, 915.6627, 472.2892
3898.062, 0, 63, 900.241, 466.506
3899.059, 0, 64, 900.241, 466.506
3899.059, 0, 65, 900.241, 466.506
3900.056, 0, 66, 900.241, 466.506
3901.053, 0, 67, 900.241, 466.506
3902.051, 0, 68, 900.241, 466.506
3903.048, 0, 69, 900.241, 466.506
3904.046, 0, 70, 900.241, 466.506
3905.042, 0, 71, 882.8916, 456.8675
3906.04, 0, 72, 882.8916, 456.8675
3907.037, 0, 73, 882.8916, 456.8675
3908.035, 0, 74, 882.8916, 456.8675
3909.032, 0, 75, 882.8916, 456.8675
3910.029, 0, 76, 882.8916, 456.8675
3911.026, 0, 77, 882.8916, 456.8675
3912.024, 0, 78, 882.8916, 456.8675
3913.021, 0, 79, 882.8916, 456.8675
3914.019, 0, 80, 867.4699, 449.1566
3915.017, 0, 81, 867.4699, 449.1566
3916.014, 0, 82, 867.4699, 449.1566
3917.01, 0, 83, 867.4699, 449.1566
3918.008, 0, 84, 867.4699, 449.1566
3919.005, 0, 85, 867.4699, 449.1566
3919.005, 0, 86, 867.4699, 449.1566
3920.003, 0, 87, 867.4699, 449.1566
3921.997, 0, 88, 850.1205, 439.5181
3921.997, 0, 89, 850.1205, 439.5181
3922.995, 0, 90, 850.1205, 439.5181
3923.992, 0, 91, 850.1205, 439.5181
3924.99, 0, 92, 850.1205, 439.5181
3925.987, 0, 93, 850.1205, 439.5181
3926.985, 0, 94, 850.1205, 439.5181
3927.981, 0, 95, 850.1205, 439.5181
3928.979, 0, 96, 832.7711, 424.0964
3929.976, 0, 97, 832.7711, 424.0964
3930.974, 0, 98, 832.7711, 424.0964
3931.971, 0, 99, 832.7711, 424.0964
3932.968, 0, 100, 832.7711, 424.0964
3933.965, 0, 101, 832.7711, 424.0964
3934.963, 0, 102, 832.7711, 424.0964
3935.96, 0, 103, 832.7711, 424.0964
3936.957, 0, 104, 832.7711, 424.0964
3937.955, 0, 105, 817.3494, 410.6024
3938.952, 0, 106, 817.3494, 410.6024
3939.949, 0, 107, 817.3494, 410.6024
3940.947, 0, 108, 817.3494, 410.6024
3940.947, 0, 109, 817.3494, 410.6024
3941.944, 0, 110, 817.3494, 410.6024
3942.941, 0, 111, 817.3494, 410.6024
3943.938, 0, 112, 817.3494, 410.6024
3944.936, 0, 113, 801.9277, 393.253
3946.93, 0, 114, 801.9277, 393.253
3946.93, 0, 115, 801.9277, 393.253
3947.929, 0, 116, 801.9277, 393.253
3948.925, 0, 117, 801.9277, 393.253
3949.923, 0, 118, 801.9277, 393.253
3950.92, 0, 119, 801.9277, 393.253
3951.917, 0, 120, 801.9277, 393.253
3952.915, 0, 121, 788.4338, 375.9036
3953.912, 0, 122, 788.4338, 375.9036
3954.909, 0, 123, 788.4338, 375.9036
3955.906, 0, 124, 788.4338, 375.9036
3956.904, 0, 125, 788.4338, 375.9036
3957.901, 0, 126, 788.4338, 375.9036
3958.898, 0, 127, 788.4338, 375.9036
3959.896, 0, 128, 788.4338, 375.9036
3960.893, 0, 129, 788.4338, 375.9036
3961.89, 0, 130, 778.7952, 354.6988
3962.888, 0, 131, 778.7952, 354.6988
3963.885, 0, 132, 778.7952, 354.6988
3964.885, 0, 133, 778.7952, 354.6988
3965.881, 0, 134, 778.7952, 354.6988
3966.877, 0, 135, 778.7952, 354.6988
3967.875, 0, 136, 778.7952, 354.6988
3968.872, 0, 137, 778.7952, 354.6988
3969.869, 0, 138, 771.0844, 335.4217
3970.866, 0, 139, 771.0844, 335.4217
3971.864, 0, 140, 771.0844, 335.4217
3972.861, 0, 141, 771.0844, 335.4217
3973.859, 0, 142, 771.0844, 335.4217
3973.859, 0, 143, 771.0844, 335.4217
3975.853, 0, 144, 771.0844, 335.4217
3976.85, 0, 145, 765.3012, 318.0723
3978.846, 0, 146, 765.3012, 318.0723
3979.843, 0, 147, 765.3012, 318.0723
3980.84, 0, 148, 765.3012, 318.0723
3981.838, 0, 149, 765.3012, 318.0723
3982.834, 0, 150, 765.3012, 318.0723
3983.832, 0, 151, 765.3012, 318.0723
3984.83, 0, 152, 765.3012, 318.0723
3985.826, 0, 153, 763.3735, 302.6506
3986.823, 0, 154, 763.3735, 302.6506
3987.821, 0, 155, 763.3735, 302.6506
3988.818, 0, 156, 763.3735, 302.6506
3989.816, 0, 157, 763.3735, 302.6506
3990.813, 0, 158, 763.3735, 302.6506
3991.811, 0, 159, 763.3735, 302.6506
3992.808, 0, 160, 763.3735, 302.6506
3993.805, 0, 161, 763.3735, 285.3012
3994.802, 0, 162, 763.3735, 285.3012
3995.8, 0, 163, 763.3735, 285.3012
3996.797, 0, 164, 763.3735, 285.3012
3997.795, 0, 165, 763.3735, 285.3012
3998.792, 0, 166, 763.3735, 285.3012
3998.792, 0, 167, 763.3735, 285.3012
3999.789, 0, 168, 763.3735, 285.3012
4001.784, 0, 169, 763.3735, 273.735
4001.784, 0, 170, 763.3735, 273.735
4002.781, 0, 171, 763.3735, 273.735
4003.779, 0, 172, 763.3735, 273.735
4004.776, 0, 173, 763.3735, 273.735
4005.773, 0, 174, 763.3735, 273.735
4006.77, 0, 175, 763.3735, 273.735
4007.768, 0, 176, 763.3735, 273.735
4008.765, 0, 177, 763.3735, 273.735
4009.762, 0, 178, 769.1566, 258.3133
4010.76, 0, 179, 769.1566, 258.3133
4011.757, 0, 180, 769.1566, 258.3133
4012.754, 0, 181, 769.1566, 258.3133
4013.752, 0, 182, 769.1566, 258.3133
4014.75, 0, 183, 769.1566, 258.3133
4015.746, 0, 184, 769.1566, 258.3133
4015.746, 0, 185, 769.1566, 258.3133
4017.741, 0, 186, 776.8675, 246.747
4018.739, 0, 187, 776.8675, 246.747
4018.739, 0, 188, 776.8675, 246.747
4019.736, 0, 189, 776.8675, 246.747
4020.733, 0, 190, 776.8675, 246.747
4021.73, 0, 191, 776.8675, 246.747
4022.728, 0, 192, 776.8675, 246.747
4023.725, 0, 193, 776.8675, 246.747
4024.722, 0, 194, 776.8675, 246.747
4025.72, 0, 195, 780.7229, 244.8193
4026.717, 0, 196, 780.7229, 244.8193
4027.714, 0, 197, 780.7229, 244.8193
4028.712, 0, 198, 780.7229, 244.8193
4029.709, 0, 199, 780.7229, 244.8193
4030.706, 0, 200, 780.7229, 244.8193
4031.704, 0, 201, 780.7229, 244.8193
4032.701, 0, 202, 780.7229, 244.8193
4033.699, 0, 203, 790.3615, 240.9639
4034.696, 0, 204, 790.3615, 240.9639
4035.693, 0, 205, 790.3615, 240.9639
4035.693, 0, 206, 790.3615, 240.9639
4036.69, 0, 207, 790.3615, 240.9639
4037.688, 0, 208, 790.3615, 240.9639
4038.685, 0, 209, 790.3615, 240.9639
4039.683, 0, 210, 790.3615, 240.9639
4040.68, 0, 211, 790.3615, 240.9639
4041.677, 0, 212, 794.2169, 240.9639
4042.675, 0, 213, 794.2169, 240.9639
4043.671, 0, 214, 794.2169, 240.9639
4044.669, 0, 215, 794.2169, 240.9639
4045.666, 0, 216, 794.2169, 240.9639
4046.664, 0, 217, 794.2169, 240.9639
4047.661, 0, 218, 794.2169, 240.9639
4048.658, 0, 219, 794.2169, 240.9639
4049.656, 0, 220, 801.9277, 239.0361
4050.653, 0, 221, 801.9277, 239.0361
4051.65, 0, 222, 801.9277, 239.0361
4052.648, 0, 223, 801.9277, 239.0361
4052.648, 0, 224, 801.9277, 239.0361
4053.645, 0, 225, 801.9277, 239.0361
4054.642, 0, 226, 801.9277, 239.0361
4055.64, 0, 227, 801.9277, 239.0361
4056.637, 0, 228, 801.9277, 239.0361
4057.635, 0, 229, 813.494, 237.1084
4058.632, 0, 230, 813.494, 237.1084
4059.629, 0, 231, 813.494, 237.1084
4060.626, 0, 232, 813.494, 237.1084
4061.624, 0, 233, 813.494, 237.1084
4062.622, 0, 234, 813.494, 237.1084
4063.618, 0, 235, 813.494, 237.1084
4064.616, 0, 236, 813.494, 237.1084
4065.613, 0, 237, 823.1326, 237.1084
4066.61, 0, 238, 823.1326, 237.1084
4067.607, 0, 239, 823.1326, 237.1084
4068.605, 0, 240, 823.1326, 237.1084
4069.602, 0, 241, 823.1326, 237.1084
4070.599, 0, 242, 823.1326, 237.1084
4071.597, 0, 243, 823.1326, 237.1084
4071.597, 0, 244, 823.1326, 237.1084
4073.592, 0, 245, 836.6265, 237.1084
4074.589, 0, 246, 836.6265, 237.1084
4075.586, 0, 247, 836.6265, 237.1084
4076.583, 0, 248, 836.6265, 237.1084
4077.581, 0, 249, 836.6265, 237.1084
4077.581, 0, 250, 836.6265, 237.1084
4078.579, 0, 251, 836.6265, 237.1084
4079.576, 0, 252, 836.6265, 237.1084
4080.573, 0, 253, 836.6265, 237.1084
4082.567, 0, 254, 848.1928, 237.1084
4082.567, 0, 255, 848.1928, 237.1084
4083.565, 0, 256, 848.1928, 237.1084
4084.562, 0, 257, 848.1928, 237.1084
4085.56, 0, 258, 848.1928, 237.1084
4086.557, 0, 259, 848.1928, 237.1084
4087.554, 0, 260, 848.1928, 237.1084
4088.552, 0, 261, 848.1928, 237.1084
4089.549, 0, 262, 855.9036, 237.1084
4090.546, 0, 263, 855.9036, 237.1084
4091.544, 0, 264, 855.9036, 237.1084
4092.542, 0, 265, 855.9036, 237.1084
4093.538, 0, 266, 855.9036, 237.1084
4094.536, 0, 267, 855.9036, 237.1084
4095.533, 0, 268, 855.9036, 237.1084
4096.53, 0, 269, 855.9036, 237.1084
4097.527, 0, 270, 863.6145, 237.1084
4098.525, 0, 271, 863.6145, 237.1084
4099.522, 0, 272, 863.6145, 237.1084
4100.52, 0, 273, 863.6145, 237.1084
4101.517, 0, 274, 863.6145, 237.1084
4102.514, 0, 275, 863.6145, 237.1084
4102.514, 0, 276, 863.6145, 237.1084
4103.512, 0, 277, 863.6145, 237.1084
4105.506, 0, 278, 865.5422, 237.1084
4106.503, 0, 279, 865.5422, 237.1084
4106.503, 0, 280, 865.5422, 237.1084
4111.49, 0, 281, 865.5422, 237.1084
4112.487, 0, 282, 865.5422, 237.1084
4113.485, 0, 283, 865.5422, 237.1084
4114.482, 0, 284, 865.5422, 237.1084
4114.482, 0, 285, 865.5422, 237.1084
4115.48, 0, 286, 865.5422, 237.1084
4116.477, 0, 287, 865.5422, 237.1084
4117.474, 0, 288, 865.5422, 237.1084
4118.472, 0, 289, 865.5422, 237.1084
4119.469, 0, 290, 865.5422, 237.1084
4120.466, 0, 291, 865.5422, 237.1084
4121.463, 0, 292, 865.5422, 237.1084
4122.461, 0, 293, 865.5422, 237.1084
4122.461, 0, 294, 865.5422, 237.1084
4123.458, 0, 295, 865.5422, 237.1084
4124.456, 0, 296, 865.5422, 237.1084
4125.453, 0, 297, 865.5422, 237.1084
4126.45, 0, 298, 865.5422, 237.1084
4127.447, 0, 299, 865.5422, 237.1084
4128.445, 0, 300, 865.5422, 237.1084
4129.442, 0, 301, 865.5422, 237.1084
4130.439, 0, 302, 865.5422, 237.1084
4130.439, 0, 303, 865.5422, 237.1084
4131.438, 0, 304, 865.5422, 237.1084
4132.435, 0, 305, 865.5422, 237.1084
4133.432, 0, 306, 865.5422, 237.1084
4134.429, 0, 307, 865.5422, 237.1084
4135.426, 0, 308, 865.5422, 237.1084
4136.423, 0, 309, 865.5422, 237.1084
4137.421, 0, 310, 865.5422, 237.1084
4138.419, 0, 311, 865.5422, 237.1084
4139.416, 0, 312, 865.5422, 237.1084
4140.413, 0, 313, 865.5422, 237.1084
4141.41, 0, 314, 865.5422, 237.1084
4142.407, 0, 315, 865.5422, 237.1084
4143.405, 0, 316, 865.5422, 237.1084
4143.405, 0, 317, 865.5422, 237.1084
4144.402, 0, 318, 865.5422, 237.1084
4145.399, 0, 319, 865.5422, 237.1084
4146.396, 0, 320, 865.5422, 237.1084
4147.394, 0, 321, 865.5422, 237.1084
4148.393, 0, 322, 865.5422, 237.1084
4149.389, 0, 323, 865.5422, 237.1084
4150.386, 0, 324, 865.5422, 237.1084
4151.383, 0, 325, 865.5422, 237.1084
4152.38, 0, 326, 865.5422, 237.1084
4153.378, 0, 327, 865.5422, 237.1084
4154.375, 0, 328, 865.5422, 237.1084
4154.375, 0, 329, 865.5422, 237.1084
4155.373, 0, 330, 865.5422, 237.1084
4156.37, 0, 331, 865.5422, 237.1084
4157.367, 0, 332, 865.5422, 237.1084
4158.365, 0, 333, 865.5422, 237.1084
4159.362, 0, 334, 865.5422, 237.1084
4160.359, 0, 335, 865.5422, 237.1084
4161.356, 0, 336, 865.5422, 237.1084
4162.354, 0, 337, 865.5422, 237.1084
4163.351, 0, 338, 865.5422, 237.1084
4164.349, 0, 339, 865.5422, 237.1084
4164.349, 0, 340, 865.5422, 237.1084
4165.346, 0, 341, 865.5422, 237.1084
4166.343, 0, 342, 865.5422, 237.1084
4167.341, 0, 343, 865.5422, 237.1084
4168.338, 0, 344, 865.5422, 237.1084
4169.335, 0, 345, 865.5422, 237.1084
4170.333, 0, 346, 865.5422, 237.1084
4171.33, 0, 347, 865.5422, 237.1084
4172.327, 0, 348, 865.5422, 237.1084
4173.325, 0, 349, 865.5422, 237.1084
4174.322, 0, 350, 865.5422, 237.1084
4174.322, 0, 351, 865.5422, 237.1084
4175.319, 0, 352, 865.5422, 237.1084
4176.316, 0, 353, 865.5422, 237.1084
4177.314, 0, 354, 865.5422, 237.1084
4178.311, 0, 355, 865.5422, 237.1084
4179.309, 0, 356, 865.5422, 237.1084
4180.306, 0, 357, 865.5422, 237.1084
4181.303, 0, 358, 865.5422, 237.1084
4182.301, 0, 359, 865.5422, 237.1084
4183.298, 0, 360, 865.5422, 237.1084
4184.296, 0, 361, 865.5422, 237.1084
4185.292, 0, 362, 865.5422, 237.1084
4186.29, 0, 363, 865.5422, 237.1084
4187.287, 0, 364, 865.5422, 237.1084
4187.287, 0, 365, 865.5422, 237.1084
4188.285, 0, 366, 865.5422, 237.1084
4189.282, 0, 367, 865.5422, 237.1084
4190.279, 0, 368, 865.5422, 237.1084
4191.277, 0, 369, 865.5422, 237.1084
4192.274, 0, 370, 865.5422, 237.1084
4193.271, 0, 371, 865.5422, 242.8916
4194.269, 0, 372, 865.5422, 242.8916
4195.266, 0, 373, 865.5422, 242.8916
4196.263, 0, 374, 865.5422, 242.8916
4197.261, 0, 375, 865.5422, 242.8916
4198.259, 0, 376, 865.5422, 242.8916
4199.255, 0, 377, 865.5422, 242.8916
4200.253, 0, 378, 865.5422, 242.8916
4200.253, 0, 379, 865.5422, 242.8916
4202.248, 0, 380, 857.8314, 254.4578
4203.245, 0, 381, 857.8314, 254.4578
4204.242, 0, 382, 857.8314, 254.4578
4205.239, 0, 383, 857.8314, 254.4578
4205.239, 0, 384, 857.8314, 254.4578
4206.236, 0, 385, 857.8314, 254.4578
4207.234, 0, 386, 857.8314, 254.4578
4208.231, 0, 387, 857.8314, 254.4578
4209.229, 0, 388, 852.0482, 262.1687
4210.226, 0, 389, 852.0482, 262.1687
4211.223, 0, 390, 852.0482, 262.1687
4212.221, 0, 391, 852.0482, 262.1687
4213.218, 0, 392, 852.0482, 262.1687
4214.215, 0, 393, 852.0482, 262.1687
4215.213, 0, 394, 852.0482, 262.1687
4216.21, 0, 395, 852.0482, 262.1687
4217.207, 0, 396, 846.2651, 267.9518
4218.205, 0, 397, 846.2651, 267.9518
4219.202, 0, 398, 846.2651, 267.9518
4220.199, 0, 399, 846.2651, 267.9518
4221.197, 0, 400, 846.2651, 267.9518
4222.194, 0, 401, 846.2651, 267.9518
4222.194, 0, 402, 846.2651, 267.9518
4223.191, 0, 403, 846.2651, 267.9518
4224.188, 0, 404, 846.2651, 267.9518
4225.185, 0, 405, 836.6265, 279.5181
4226.183, 0, 406, 836.6265, 279.5181
4227.181, 0, 407, 836.6265, 279.5181
4228.178, 0, 408, 836.6265, 279.5181
4229.175, 0, 409, 836.6265, 279.5181
4230.172, 0, 410, 836.6265, 279.5181
4231.17, 0, 411, 836.6265, 279.5181
4232.167, 0, 412, 836.6265, 279.5181
4233.165, 0, 413, 825.0602, 294.9398
4234.162, 0, 414, 825.0602, 294.9398
4235.159, 0, 415, 825.0602, 294.9398
4236.157, 0, 416, 825.0602, 294.9398
4237.154, 0, 417, 825.0602, 294.9398
4238.151, 0, 418, 825.0602, 294.9398
4239.148, 0, 419, 825.0602, 294.9398
4239.148, 0, 420, 825.0602, 294.9398
4240.146, 0, 421, 825.0602, 294.9398
4242.141, 0, 422, 811.5663, 308.4337
4243.138, 0, 423, 811.5663, 308.4337
4243.138, 0, 424, 811.5663, 308.4337
4244.136, 0, 425, 811.5663, 308.4337
4245.133, 0, 426, 811.5663, 308.4337
4246.13, 0, 427, 811.5663, 308.4337
4247.127, 0, 428, 811.5663, 308.4337
4248.125, 0, 429, 811.5663, 308.4337
4249.122, 0, 430, 801.9277, 320
4250.119, 0, 431, 801.9277, 320
4251.117, 0, 432, 801.9277, 320
4252.114, 0, 433, 801.9277, 320
4253.111, 0, 434, 801.9277, 320
4254.108, 0, 435, 801.9277, 320
4255.106, 0, 436, 801.9277, 320
4256.103, 0, 437, 801.9277, 320
4257.102, 0, 438, 801.9277, 320
4258.098, 0, 439, 796.1446, 329.6385
4259.095, 0, 440, 796.1446, 329.6385
4260.092, 0, 441, 796.1446, 329.6385
4261.09, 0, 442, 796.1446, 329.6385
4261.09, 0, 443, 796.1446, 329.6385
4262.087, 0, 444, 796.1446, 329.6385
4263.084, 0, 445, 796.1446, 329.6385
4264.082, 0, 446, 796.1446, 329.6385
4265.08, 0, 447, 786.506, 343.1325
4266.077, 0, 448, 786.506, 343.1325
4267.074, 0, 449, 786.506, 343.1325
4268.071, 0, 450, 786.506, 343.1325
4269.068, 0, 451, 786.506, 343.1325
4270.066, 0, 452, 786.506, 343.1325
4271.063, 0, 453, 786.506, 343.1325
4272.06, 0, 454, 786.506, 343.1325
4273.058, 0, 455, 786.506, 343.1325
4274.055, 0, 456, 782.6506, 354.6988
4275.051, 0, 457, 782.6506, 354.6988
4276.05, 0, 458, 782.6506, 354.6988
4277.047, 0, 459, 782.6506, 354.6988
4278.044, 0, 460, 782.6506, 354.6988
4279.042, 0, 461, 782.6506, 354.6988
4280.039, 0, 462, 782.6506, 354.6988
4281.037, 0, 463, 782.6506, 354.6988
4282.035, 0, 464, 778.7952, 368.1928
4283.031, 0, 465, 778.7952, 368.1928
4284.028, 0, 466, 778.7952, 368.1928
4285.025, 0, 467, 778.7952, 368.1928
4286.023, 0, 468, 778.7952, 368.1928
4287.02, 0, 469, 778.7952, 368.1928
4287.02, 0, 470, 778.7952, 368.1928
4288.018, 0, 471, 778.7952, 368.1928
4290.013, 0, 472, 776.8675, 381.6868
4291.009, 0, 473, 776.8675, 381.6868
4291.009, 0, 474, 776.8675, 381.6868
4292.007, 0, 475, 776.8675, 381.6868
4293.004, 0, 476, 776.8675, 381.6868
4294.001, 0, 477, 776.8675, 381.6868
4294.999, 0, 478, 776.8675, 381.6868
4295.997, 0, 479, 776.8675, 381.6868
4296.994, 0, 480, 776.8675, 395.1807
4297.991, 0, 481, 776.8675, 395.1807
4298.989, 0, 482, 776.8675, 395.1807
4299.986, 0, 483, 776.8675, 395.1807
4300.983, 0, 484, 776.8675, 395.1807
4301.979, 0, 485, 776.8675, 395.1807
4302.978, 0, 486, 776.8675, 395.1807
4303.975, 0, 487, 776.8675, 395.1807
4303.975, 0, 488, 776.8675, 395.1807
4305.97, 0, 489, 776.8675, 410.6024
4306.967, 0, 490, 776.8675, 410.6024
4307.964, 0, 491, 776.8675, 410.6024
4308.961, 0, 492, 776.8675, 410.6024
4308.961, 0, 493, 776.8675, 410.6024
4309.959, 0, 494, 776.8675, 410.6024
4310.957, 0, 495, 776.8675, 410.6024
4311.954, 0, 496, 776.8675, 410.6024
4312.951, 0, 497, 778.7952, 424.0964
4313.949, 0, 498, 778.7952, 424.0964
4314.946, 0, 499, 778.7952, 424.0964
4315.944, 0, 500, 778.7952, 424.0964
4316.94, 0, 501, 778.7952, 424.0964
4317.938, 0, 502, 778.7952, 424.0964
4318.935, 0, 503, 778.7952, 424.0964
4319.932, 0, 504, 778.7952, 424.0964
4320.93, 0, 505, 778.7952, 424.0964
4321.927, 0, 506, 784.5783, 443.3735
4322.924, 0, 507, 784.5783, 443.3735
4323.922, 0, 508, 784.5783, 443.3735
4324.918, 0, 509, 784.5783, 443.3735
4325.916, 0, 510, 784.5783, 443.3735
4326.914, 0, 511, 784.5783, 443.3735
4327.911, 0, 512, 784.5783, 443.3735
4328.908, 0, 513, 784.5783, 443.3735
4329.906, 0, 514, 794.2169, 458.7952
4330.903, 0, 515, 794.2169, 458.7952
4331.902, 0, 516, 794.2169, 458.7952
4331.902, 0, 517, 794.2169, 458.7952
4332.897, 0, 518, 794.2169, 458.7952
4333.895, 0, 519, 794.2169, 458.7952
4334.892, 0, 520, 794.2169, 458.7952
4335.89, 0, 521, 794.2169, 458.7952
4336.887, 0, 522, 807.7109, 476.1446
4337.884, 0, 523, 807.7109, 476.1446
4338.881, 0, 524, 807.7109, 476.1446
4339.879, 0, 525, 807.7109, 476.1446
4340.876, 0, 526, 807.7109, 476.1446
4341.874, 0, 527, 807.7109, 476.1446
4342.871, 0, 528, 807.7109, 476.1446
4343.868, 0, 529, 807.7109, 476.1446
4344.865, 0, 530, 807.7109, 476.1446
4345.863, 0, 531, 826.988, 495.4217
4346.86, 0, 532, 826.988, 495.4217
4347.857, 0, 533, 826.988, 495.4217
4348.856, 0, 534, 826.988, 495.4217
4349.852, 0, 535, 826.988, 495.4217
4349.852, 0, 536, 826.988, 495.4217
4350.85, 0, 537, 826.988, 495.4217
4351.847, 0, 538, 826.988, 495.4217
4352.844, 0, 539, 848.1928, 512.7711
4353.841, 0, 540, 848.1928, 512.7711
4354.839, 0, 541, 848.1928, 512.7711
4355.836, 0, 542, 848.1928, 512.7711
4356.833, 0, 543, 848.1928, 512.7711
4357.831, 0, 544, 848.1928, 512.7711
4358.828, 0, 545, 848.1928, 512.7711
4359.826, 0, 546, 848.1928, 512.7711
4360.823, 0, 547, 848.1928, 512.7711
4361.82, 0, 548, 871.3253, 528.1928
4362.817, 0, 549, 871.3253, 528.1928
4363.815, 0, 550, 871.3253, 528.1928
4364.812, 0, 551, 871.3253, 528.1928
4365.81, 0, 552, 871.3253, 528.1928
4366.807, 0, 553, 871.3253, 528.1928
4366.807, 0, 554, 871.3253, 528.1928
4367.804, 0, 555, 871.3253, 528.1928
4369.799, 0, 556, 894.4578, 541.6868
4369.799, 0, 557, 894.4578, 541.6868
4370.796, 0, 558, 894.4578, 541.6868
4371.793, 0, 559, 894.4578, 541.6868
4372.791, 0, 560, 894.4578, 541.6868
4373.788, 0, 561, 894.4578, 541.6868
4374.785, 0, 562, 894.4578, 541.6868
4375.783, 0, 563, 894.4578, 541.6868
4376.78, 0, 564, 923.3735, 553.2531
4377.777, 0, 565, 923.3735, 553.2531
4378.775, 0, 566, 923.3735, 553.2531
4379.772, 0, 567, 923.3735, 553.2531
4380.77, 0, 568, 923.3735, 553.2531
4381.767, 0, 569, 923.3735, 553.2531
4382.764, 0, 570, 923.3735, 553.2531
4383.762, 0, 571, 923.3735, 553.2531
4384.759, 0, 572, 923.3735, 553.2531
4385.756, 0, 573, 948.4338, 560.9639
4386.753, 0, 574, 948.4338, 560.9639
4387.75, 0, 575, 948.4338, 560.9639
4388.749, 0, 576, 948.4338, 560.9639
4388.749, 0, 577, 948.4338, 560.9639
4389.746, 0, 578, 948.4338, 560.9639
4390.743, 0, 579, 948.4338, 560.9639
4391.741, 0, 580, 948.4338, 560.9639
4393.735, 0, 581, 973.494, 564.8193
4394.732, 0, 582, 973.494, 564.8193
4394.732, 0, 583, 973.494, 564.8193
4395.73, 0, 584, 973.494, 564.8193
4396.727, 0, 585, 973.494, 564.8193
4397.724, 0, 586, 973.494, 564.8193
4398.722, 0, 587, 973.494, 564.8193
4399.719, 0, 588, 973.494, 564.8193
4400.716, 0, 589, 992.7711, 564.8193
4401.714, 0, 590, 992.7711, 564.8193
4402.712, 0, 591, 992.7711, 564.8193
4403.708, 0, 592, 992.7711, 564.8193
4404.706, 0, 593, 992.7711, 564.8193
4405.703, 0, 594, 992.7711, 564.8193
4406.7, 0, 595, 992.7711, 564.8193
4407.698, 0, 596, 992.7711, 564.8193
4408.695, 0, 597, 1008.193, 562.8916
4409.692, 0, 598, 1008.193, 562.8916
4410.689, 0, 599, 1008.193, 562.8916
4411.688, 0, 600, 1008.193, 562.8916
4412.685, 0, 601, 1008.193, 562.8916
4413.682, 0, 602, 1008.193, 562.8916
4414.679, 0, 603, 1008.193, 562.8916
4415.676, 0, 604, 1008.193, 562.8916
4417.671, 0, 605, 1013.976, 557.1085
4418.668, 0, 606, 1013.976, 557.1085
4418.668, 0, 607, 1013.976, 557.1085
4419.666, 0, 608, 1013.976, 557.1085
4420.663, 0, 609, 1013.976, 557.1085
4421.66, 0, 610, 1013.976, 557.1085
4422.658, 0, 611, 1013.976, 557.1085
4423.655, 0, 612, 1013.976, 557.1085
4425.65, 0, 613, 1021.687, 545.5422
4426.647, 0, 614, 1021.687, 545.5422
4427.645, 0, 615, 1021.687, 545.5422
4428.641, 0, 616, 1021.687, 545.5422
4428.641, 0, 617, 1021.687, 545.5422
4429.639, 0, 618, 1021.687, 545.5422
4430.636, 0, 619, 1021.687, 545.5422
4431.634, 0, 620, 1021.687, 545.5422
4432.631, 0, 621, 1021.687, 545.5422
4433.628, 0, 622, 1023.615, 539.759
4434.625, 0, 623, 1023.615, 539.759
4435.623, 0, 624, 1023.615, 539.759
4436.62, 0, 625, 1023.615, 539.759
4437.618, 0, 626, 1023.615, 539.759
4438.615, 0, 627, 1023.615, 539.759
4439.612, 0, 628, 1023.615, 539.759
4440.609, 0, 629, 1023.615, 539.759
4441.607, 0, 630, 1027.47, 532.0482
4442.604, 0, 631, 1027.47, 532.0482
4443.602, 0, 632, 1027.47, 532.0482
4444.599, 0, 633, 1027.47, 532.0482
4445.596, 0, 634, 1027.47, 532.0482
4446.593, 0, 635, 1027.47, 532.0482
4446.593, 0, 636, 1027.47, 532.0482
4447.591, 0, 637, 1027.47, 532.0482
4449.586, 0, 638, 1029.398, 522.4097
4450.583, 0, 639, 1029.398, 522.4097
4451.58, 0, 640, 1029.398, 522.4097
4452.577, 0, 641, 1029.398, 522.4097
4453.575, 0, 642, 1029.398, 522.4097
4454.572, 0, 643, 1029.398, 522.4097
4455.569, 0, 644, 1029.398, 522.4097
4456.566, 0, 645, 1029.398, 522.4097
4457.564, 0, 646, 1031.325, 512.7711
4458.562, 0, 647, 1031.325, 512.7711
4459.558, 0, 648, 1031.325, 512.7711
4460.556, 0, 649, 1031.325, 512.7711
4461.553, 0, 650, 1031.325, 512.7711
4462.551, 0, 651, 1031.325, 512.7711
4462.551, 0, 652, 1031.325, 512.7711
4463.548, 0, 653, 1031.325, 512.7711
4465.543, 0, 654, 1031.325, 499.2771
4466.541, 0, 655, 1031.325, 499.2771
4467.538, 0, 656, 1031.325, 499.2771
4468.536, 0, 657, 1031.325, 499.2771
4469.534, 0, 658, 1031.325, 499.2771
4470.53, 0, 659, 1031.325, 499.2771
4470.53, 0, 660, 1031.325, 499.2771
4471.527, 0, 661, 1031.325, 499.2771
4473.521, 0, 662, 1031.325, 483.8554
4474.519, 0, 663, 1031.325, 483.8554
4475.516, 0, 664, 1031.325, 483.8554
4475.516, 0, 665, 1031.325, 483.8554
4476.514, 0, 666, 1031.325, 483.8554
4477.511, 0, 667, 1031.325, 483.8554
4478.508, 0, 668, 1031.325, 483.8554
4479.506, 0, 669, 1031.325, 483.8554
4480.503, 0, 670, 1031.325, 483.8554
4481.5, 0, 671, 1029.398, 468.4337
4482.498, 0, 672, 1029.398, 468.4337
4483.495, 0, 673, 1029.398, 468.4337
4484.492, 0, 674, 1029.398, 468.4337
4485.489, 0, 675, 1029.398, 468.4337
4486.486, 0, 676, 1029.398, 468.4337
4487.484, 0, 677, 1029.398, 468.4337
4488.481, 0, 678, 1029.398, 468.4337
4489.479, 0, 679, 1023.615, 451.0844
4490.476, 0, 680, 1023.615, 451.0844
4491.473, 0, 681, 1023.615, 451.0844
4492.471, 0, 682, 1023.615, 451.0844
4493.468, 0, 683, 1023.615, 451.0844
4494.465, 0, 684, 1023.615, 451.0844
4494.465, 0, 685, 1023.615, 451.0844
4495.462, 0, 686, 1023.615, 451.0844
4496.46, 0, 687, 1015.904, 439.5181
4498.455, 0, 688, 1015.904, 439.5181
4499.452, 0, 689, 1015.904, 439.5181
4500.449, 0, 690, 1015.904, 439.5181
4501.446, 0, 691, 1015.904, 439.5181
4501.446, 0, 692, 1015.904, 439.5181
4502.444, 0, 693, 1015.904, 439.5181
4503.441, 0, 694, 1015.904, 439.5181
4504.438, 0, 695, 1015.904, 439.5181
4505.436, 0, 696, 1002.41, 426.0241
4506.433, 0, 697, 1002.41, 426.0241
4507.43, 0, 698, 1002.41, 426.0241
4508.428, 0, 699, 1002.41, 426.0241
4509.425, 0, 700, 1002.41, 426.0241
4510.422, 0, 701, 1002.41, 426.0241
4511.42, 0, 702, 1002.41, 426.0241
4512.417, 0, 703, 1002.41, 426.0241
4513.415, 0, 704, 988.9157, 414.4579
4514.412, 0, 705, 988.9157, 414.4579
4515.409, 0, 706, 988.9157, 414.4579
4516.407, 0, 707, 988.9157, 414.4579
4517.404, 0, 708, 988.9157, 414.4579
4518.401, 0, 709, 988.9157, 414.4579
4518.401, 0, 710, 988.9157, 414.4579
4519.398, 0, 711, 988.9157, 414.4579
4520.396, 0, 712, 988.9157, 414.4579
4522.391, 0, 713, 977.3494, 410.6024
4523.388, 0, 714, 977.3494, 410.6024
4523.388, 0, 715, 977.3494, 410.6024
4524.386, 0, 716, 977.3494, 410.6024
4525.382, 0, 717, 977.3494, 410.6024
4526.38, 0, 718, 977.3494, 410.6024
4527.377, 0, 719, 977.3494, 410.6024
4528.375, 0, 720, 977.3494, 410.6024
4529.372, 0, 721, 960, 402.8916
4530.369, 0, 722, 960, 402.8916
4531.367, 0, 723, 960, 402.8916
4532.364, 0, 724, 960, 402.8916
4533.361, 0, 725, 960, 402.8916
4534.358, 0, 726, 960, 402.8916
4535.355, 0, 727, 960, 402.8916
4536.353, 0, 728, 960, 402.8916
4537.35, 0, 729, 940.7229, 397.1084
4538.348, 0, 730, 940.7229, 397.1084
4539.345, 0, 731, 940.7229, 397.1084
4540.342, 0, 732, 940.7229, 397.1084
4541.339, 0, 733, 940.7229, 397.1084
4542.337, 0, 734, 940.7229, 397.1084
4543.334, 0, 735, 940.7229, 397.1084
4543.334, 0, 736, 940.7229, 397.1084
4544.332, 0, 737, 940.7229, 397.1084
4546.327, 0, 738, 919.5181, 393.253
4546.327, 0, 739, 919.5181, 393.253
4547.324, 0, 740, 919.5181, 393.253
4548.321, 0, 741, 919.5181, 393.253
4549.319, 0, 742, 919.5181, 393.253
4550.316, 0, 743, 919.5181, 393.253
4551.313, 0, 744, 919.5181, 393.253
4552.31, 0, 745, 919.5181, 393.253
4553.308, 0, 746, 898.3133, 389.3976
4554.305, 0, 747, 898.3133, 389.3976
4555.303, 0, 748, 898.3133, 389.3976
4556.3, 0, 749, 898.3133, 389.3976
4557.297, 0, 750, 898.3133, 389.3976
4558.294, 0, 751, 898.3133, 389.3976
4559.292, 0, 752, 898.3133, 389.3976
4560.289, 0, 753, 898.3133, 389.3976
4561.286, 0, 754, 873.2531, 383.6145
4562.284, 0, 755, 873.2531, 383.6145
4563.281, 0, 756, 873.2531, 383.6145
4564.278, 0, 757, 873.2531, 383.6145
4565.276, 0, 758, 873.2531, 383.6145
4566.273, 0, 759, 873.2531, 383.6145
4567.27, 0, 760, 873.2531, 383.6145
4567.27, 0, 761, 873.2531, 383.6145
4568.268, 0, 762, 873.2531, 383.6145
4570.263, 0, 763, 857.8314, 379.759
4571.26, 0, 764, 857.8314, 379.759
4575.249, 0, 765, 857.8314, 379.759
4576.246, 0, 766, 857.8314, 379.759
4577.244, 0, 767, 842.4097, 373.9759
4578.241, 0, 768, 842.4097, 373.9759
4579.238, 0, 769, 842.4097, 373.9759
4580.236, 0, 770, 842.4097, 373.9759
4581.233, 0, 771, 842.4097, 373.9759
4582.23, 0, 772, 842.4097, 373.9759
4583.228, 0, 773, 842.4097, 373.9759
4584.225, 0, 774, 842.4097, 373.9759
4585.222, 0, 775, 828.9157, 368.1928
4586.22, 0, 776, 828.9157, 368.1928
4587.217, 0, 777, 828.9157, 368.1928
4588.215, 0, 778, 828.9157, 368.1928
4588.215, 0, 779, 828.9157, 368.1928
4589.212, 0, 780, 828.9157, 368.1928
4590.209, 0, 781, 828.9157, 368.1928
4591.206, 0, 782, 828.9157, 368.1928
4592.204, 0, 783, 828.9157, 368.1928
4593.202, 0, 784, 817.3494, 360.4819
4594.198, 0, 785, 817.3494, 360.4819
4595.195, 0, 786, 817.3494, 360.4819
4596.193, 0, 787, 817.3494, 360.4819
4597.19, 0, 788, 817.3494, 360.4819
4598.188, 0, 789, 817.3494, 360.4819
4599.185, 0, 790, 817.3494, 360.4819
4600.182, 0, 791, 817.3494, 360.4819
4601.18, 0, 792, 815.4217, 356.6265
4602.177, 0, 793, 815.4217, 356.6265
4603.174, 0, 794, 815.4217, 356.6265
4604.171, 0, 795, 815.4217, 356.6265
4605.168, 0, 796, 815.4217, 356.6265
4606.167, 0, 797, 815.4217, 356.6265
4607.164, 0, 798, 815.4217, 356.6265
4607.164, 0, 799, 815.4217, 356.6265
4608.161, 0, 800, 815.4217, 356.6265
4610.155, 0, 801, 811.5663, 350.8434
4611.153, 0, 802, 811.5663, 350.8434
4611.153, 0, 803, 811.5663, 350.8434
4612.15, 0, 804, 811.5663, 350.8434
4613.147, 0, 805, 811.5663, 350.8434
4614.145, 0, 806, 811.5663, 350.8434
4615.142, 0, 807, 811.5663, 350.8434
4616.14, 0, 808, 811.5663, 350.8434
4617.137, 0, 809, 809.6385, 339.2771
4618.134, 0, 810, 809.6385, 339.2771
4619.132, 0, 811, 809.6385, 339.2771
4620.129, 0, 812, 809.6385, 339.2771
4621.126, 0, 813, 809.6385, 339.2771
4622.124, 0, 814, 809.6385, 339.2771
4623.121, 0, 815, 809.6385, 339.2771
4624.118, 0, 816, 809.6385, 339.2771
4624.118, 0, 817, 809.6385, 339.2771
4626.113, 0, 818, 809.6385, 333.494
4627.11, 0, 819, 809.6385, 333.494
4628.107, 0, 820, 809.6385, 333.494
4629.105, 0, 821, 809.6385, 333.494
4629.105, 0, 822, 809.6385, 333.494
4630.102, 0, 823, 809.6385, 333.494
4631.099, 0, 824, 809.6385, 333.494
4632.097, 0, 825, 809.6385, 333.494
4633.095, 0, 826, 809.6385, 325.7831
4634.092, 0, 827, 809.6385, 325.7831
4635.089, 0, 828, 809.6385, 325.7831
4636.086, 0, 829, 809.6385, 325.7831
4637.084, 0, 830, 809.6385, 325.7831
4638.081, 0, 831, 809.6385, 325.7831
4639.078, 0, 832, 809.6385, 325.7831
4640.076, 0, 833, 809.6385, 325.7831
4641.072, 0, 834, 809.6385, 320
4642.07, 0, 835, 809.6385, 320
4643.067, 0, 836, 809.6385, 320
4644.065, 0, 837, 809.6385, 320
4645.062, 0, 838, 809.6385, 320
4646.06, 0, 839, 809.6385, 320
4647.057, 0, 840, 809.6385, 320
4647.057, 0, 841, 809.6385, 320
4648.054, 0, 842, 809.6385, 320
4650.049, 0, 843, 809.6385, 316.1446
4651.046, 0, 844, 809.6385, 316.1446
4651.046, 0, 845, 809.6385, 316.1446
4652.043, 0, 846, 809.6385, 316.1446
4653.041, 0, 847, 809.6385, 316.1446
4654.038, 0, 848, 809.6385, 316.1446
4655.036, 0, 849, 809.6385, 316.1446
4656.033, 0, 850, 809.6385, 316.1446
4657.03, 0, 851, 811.5663, 310.3615
4658.027, 0, 852, 811.5663, 310.3615
4659.025, 0, 853, 811.5663, 310.3615
4660.023, 0, 854, 811.5663, 310.3615
4661.02, 0, 855, 811.5663, 310.3615
4662.017, 0, 856, 811.5663, 310.3615
4663.014, 0, 857, 811.5663, 310.3615
4663.014, 0, 858, 811.5663, 310.3615
4664.011, 0, 859, 811.5663, 310.3615
4666.006, 0, 860, 813.494, 306.506
4667.003, 0, 861, 813.494, 306.506
4668, 0, 862, 813.494, 306.506
4668, 0, 863, 813.494, 306.506
4668.998, 0, 864, 813.494, 306.506
4669.995, 0, 865, 813.494, 306.506
4670.993, 0, 866, 813.494, 306.506
4671.99, 0, 867, 813.494, 306.506
4672.987, 0, 868, 819.2771, 298.7952
4673.984, 0, 869, 819.2771, 298.7952
4674.982, 0, 870, 819.2771, 298.7952
4675.98, 0, 871, 819.2771, 298.7952
4676.977, 0, 872, 819.2771, 298.7952
4677.974, 0, 873, 819.2771, 298.7952
4678.971, 0, 874, 819.2771, 298.7952
4679.969, 0, 875, 819.2771, 298.7952
4680.966, 0, 876, 819.2771, 298.7952
4681.963, 0, 877, 828.9157, 291.0844
4682.961, 0, 878, 828.9157, 291.0844
4683.958, 0, 879, 828.9157, 291.0844
4684.956, 0, 880, 828.9157, 291.0844
4684.956, 0, 881, 828.9157, 291.0844
4685.953, 0, 882, 828.9157, 291.0844
4686.95, 0, 883, 828.9157, 291.0844
4687.947, 0, 884, 828.9157, 291.0844
4688.945, 0, 885, 832.7711, 289.1566
4689.942, 0, 886, 832.7711, 289.1566
4690.939, 0, 887, 832.7711, 289.1566
4691.938, 0, 888, 832.7711, 289.1566
4692.934, 0, 889, 832.7711, 289.1566
4693.931, 0, 890, 832.7711, 289.1566
4694.929, 0, 891, 832.7711, 289.1566
4695.926, 0, 892, 832.7711, 289.1566
4696.923, 0, 893, 842.4097, 285.3012
4697.92, 0, 894, 842.4097, 285.3012
4698.918, 0, 895, 842.4097, 285.3012
4699.916, 0, 896, 842.4097, 285.3012
4700.913, 0, 897, 842.4097, 285.3012
4701.91, 0, 898, 842.4097, 285.3012
4702.907, 0, 899, 842.4097, 285.3012
4703.904, 0, 900, 842.4097, 285.3012
4703.904, 0, 901, 842.4097, 285.3012
4705.899, 0, 902, 853.976, 283.3735
4706.896, 0, 903, 853.976, 283.3735
4706.896, 0, 904, 853.976, 283.3735
4707.894, 0, 905, 853.976, 283.3735
4708.891, 0, 906, 853.976, 283.3735
4709.888, 0, 907, 853.976, 283.3735
4710.886, 0, 908, 853.976, 283.3735
4711.883, 0, 909, 853.976, 283.3735
4712.88, 0, 910, 857.8314, 283.3735
4713.878, 0, 911, 857.8314, 283.3735
4714.875, 0, 912, 857.8314, 283.3735
4715.872, 0, 913, 857.8314, 283.3735
4716.87, 0, 914, 857.8314, 283.3735
4717.868, 0, 915, 857.8314, 283.3735
4718.865, 0, 916, 857.8314, 283.3735
4719.862, 0, 917, 857.8314, 283.3735
4719.862, 0, 918, 857.8314, 283.3735
4721.856, 0, 919, 867.4699, 283.3735
4722.854, 0, 920, 867.4699, 283.3735
4723.852, 0, 921, 867.4699, 283.3735
4724.849, 0, 922, 867.4699, 283.3735
4725.846, 0, 923, 867.4699, 283.3735
4725.846, 0, 924, 867.4699, 283.3735
4726.843, 0, 925, 867.4699, 283.3735
4727.84, 0, 926, 867.4699, 283.3735
4728.838, 0, 927, 882.8916, 287.2289
4729.835, 0, 928, 882.8916, 287.2289
4730.833, 0, 929, 882.8916, 287.2289
4731.83, 0, 930, 882.8916, 287.2289
4732.827, 0, 931, 882.8916, 287.2289
4733.825, 0, 932, 882.8916, 287.2289
4734.822, 0, 933, 882.8916, 287.2289
4735.82, 0, 934, 882.8916, 287.2289
4736.816, 0, 935, 904.0964, 294.9398
4737.814, 0, 936, 904.0964, 294.9398
4738.811, 0, 937, 904.0964, 294.9398
4739.809, 0, 938, 904.0964, 294.9398
4740.806, 0, 939, 904.0964, 294.9398
4741.803, 0, 940, 904.0964, 294.9398
4742.801, 0, 941, 904.0964, 294.9398
4743.798, 0, 942, 904.0964, 294.9398
4744.795, 0, 943, 904.0964, 294.9398
4745.793, 0, 944, 923.3735, 304.5783
4746.79, 0, 945, 923.3735, 304.5783
4747.787, 0, 946, 923.3735, 304.5783
4748.785, 0, 947, 923.3735, 304.5783
4749.783, 0, 948, 923.3735, 304.5783
4750.779, 0, 949, 923.3735, 304.5783
4750.779, 0, 950, 923.3735, 304.5783
4751.777, 0, 951, 923.3735, 304.5783
4753.771, 0, 952, 942.6506, 314.2169
4754.769, 0, 953, 942.6506, 314.2169
4754.769, 0, 954, 942.6506, 314.2169
4755.766, 0, 955, 942.6506, 314.2169
4756.763, 0, 956, 942.6506, 314.2169
4757.761, 0, 957, 942.6506, 314.2169
4758.758, 0, 958, 942.6506, 314.2169
4759.755, 0, 959, 942.6506, 314.2169
4760.752, 0, 960, 942.6506, 314.2169
4761.75, 0, 961, 954.2169, 323.8554
4762.747, 0, 962, 954.2169, 323.8554
4763.745, 0, 963, 954.2169, 323.8554
4764.742, 0, 964, 954.2169, 323.8554
4765.74, 0, 965, 954.2169, 323.8554
4766.736, 0, 966, 954.2169, 323.8554
4767.734, 0, 967, 954.2169, 323.8554
4767.734, 0, 968, 954.2169, 323.8554
4769.729, 0, 969, 956.1446, 329.6385
4770.726, 0, 970, 956.1446, 329.6385
4771.724, 0, 971, 956.1446, 329.6385
4772.72, 0, 972, 956.1446, 329.6385
4773.718, 0, 973, 956.1446, 329.6385
4773.718, 0, 974, 956.1446, 329.6385
4774.715, 0, 975, 956.1446, 329.6385
4775.713, 0, 976, 956.1446, 329.6385
4776.71, 0, 977, 956.1446, 329.6385
4777.707, 0, 978, 958.0723, 335.4217
4778.704, 0, 979, 958.0723, 335.4217
4779.702, 0, 980, 958.0723, 335.4217
4780.699, 0, 981, 958.0723, 335.4217
4781.697, 0, 982, 958.0723, 335.4217
4782.693, 0, 983, 958.0723, 335.4217
4783.691, 0, 984, 958.0723, 335.4217
4784.688, 0, 985, 958.0723, 335.4217
4785.686, 0, 986, 958.0723, 345.0602
4786.683, 0, 987, 958.0723, 345.0602
4787.68, 0, 988, 958.0723, 345.0602
4788.678, 0, 989, 958.0723, 345.0602
4789.675, 0, 990, 958.0723, 345.0602
4790.673, 0, 991, 958.0723, 345.0602
4790.673, 0, 992, 958.0723, 345.0602
4791.67, 0, 993, 958.0723, 345.0602
4793.665, 0, 994, 956.1446, 356.6265
4794.662, 0, 995, 956.1446, 356.6265
4794.662, 0, 996, 956.1446, 356.6265
4795.659, 0, 997, 956.1446, 356.6265
4796.657, 0, 998, 956.1446, 356.6265
4797.654, 0, 999, 956.1446, 356.6265
4798.651, 0, 1000, 956.1446, 356.6265
4799.648, 0, 1001, 956.1446, 356.6265
4800.646, 0, 1002, 956.1446, 356.6265
4801.643, 0, 1003, 952.2892, 366.2651
4802.641, 0, 1004, 952.2892, 366.2651
4803.638, 0, 1005, 952.2892, 366.2651
4804.636, 0, 1006, 952.2892, 366.2651
4805.632, 0, 1007, 952.2892, 366.2651
4806.629, 0, 1008, 952.2892, 366.2651
4807.627, 0, 1009, 952.2892, 366.2651
4808.625, 0, 1010, 952.2892, 366.2651
4809.622, 0, 1011, 946.506, 372.0482
4810.62, 0, 1012, 946.506, 372.0482
4811.617, 0, 1013, 946.506, 372.0482
4812.614, 0, 1014, 946.506, 372.0482
4812.614, 0, 1015, 946.506, 372.0482
4813.611, 0, 1016, 946.506, 372.0482
4814.608, 0, 1017, 946.506, 372.0482
4815.605, 0, 1018, 946.506, 372.0482
4816.604, 0, 1019, 946.506, 372.0482
4817.601, 0, 1020, 944.5783, 375.9036
4818.599, 0, 1021, 944.5783, 375.9036
4819.595, 0, 1022, 944.5783, 375.9036
4820.592, 0, 1023, 944.5783, 375.9036
4821.59, 0, 1024, 944.5783, 375.9036
4822.587, 0, 1025, 944.5783, 375.9036
4823.584, 0, 1026, 944.5783, 375.9036
4824.581, 0, 1027, 944.5783, 375.9036
4825.579, 0, 1028, 934.9398, 385.5422
4826.576, 0, 1029, 934.9398, 385.5422
4827.574, 0, 1030, 934.9398, 385.5422
4828.571, 0, 1031, 934.9398, 385.5422
4829.568, 0, 1032, 934.9398, 385.5422
4830.565, 0, 1033, 934.9398, 385.5422
4831.563, 0, 1034, 934.9398, 385.5422
4831.563, 0, 1035, 934.9398, 385.5422
4833.558, 0, 1036, 929.1567, 391.3253
4834.555, 0, 1037, 929.1567, 391.3253
4835.552, 0, 1038, 929.1567, 391.3253
4835.552, 0, 1039, 929.1567, 391.3253
4836.55, 0, 1040, 929.1567, 391.3253
4837.547, 0, 1041, 929.1567, 391.3253
4838.544, 0, 1042, 929.1567, 391.3253
4839.542, 0, 1043, 929.1567, 391.3253
4840.539, 0, 1044, 929.1567, 391.3253
4841.537, 0, 1045, 919.5181, 397.1084
4842.534, 0, 1046, 919.5181, 397.1084
4843.531, 0, 1047, 919.5181, 397.1084
4844.528, 0, 1048, 919.5181, 397.1084
4845.526, 0, 1049, 919.5181, 397.1084
4846.523, 0, 1050, 919.5181, 397.1084
4847.521, 0, 1051, 919.5181, 397.1084
4848.518, 0, 1052, 919.5181, 397.1084
4849.515, 0, 1053, 911.8073, 402.8916
4850.513, 0, 1054, 911.8073, 402.8916
4851.509, 0, 1055, 911.8073, 402.8916
4852.507, 0, 1056, 911.8073, 402.8916
4853.504, 0, 1057, 911.8073, 402.8916
4854.501, 0, 1058, 911.8073, 402.8916
4855.499, 0, 1059, 911.8073, 402.8916
4856.496, 0, 1060, 911.8073, 402.8916
4857.494, 0, 1061, 909.8795, 404.8193
4858.491, 0, 1062, 909.8795, 404.8193
4859.488, 0, 1063, 909.8795, 404.8193
4860.486, 0, 1064, 909.8795, 404.8193
4861.483, 0, 1065, 909.8795, 404.8193
4861.483, 0, 1066, 909.8795, 404.8193
4862.48, 0, 1067, 909.8795, 404.8193
4863.478, 0, 1068, 909.8795, 404.8193
4864.475, 0, 1069, 909.8795, 404.8193
4866.286, 0, 1070, 907.9518, 406.747
4867.284, 0, 1071, 907.9518, 406.747
4868.282, 0, 1072, 907.9518, 406.747
4869.279, 0, 1073, 907.9518, 406.747
4870.276, 0, 1074, 907.9518, 406.747
4871.273, 0, 1075, 907.9518, 406.747
4872.271, 0, 1076, 907.9518, 406.747
4873.268, 0, 1077, 906.0241, 406.747
4874.265, 0, 1078, 906.0241, 406.747
4875.262, 0, 1079, 906.0241, 406.747
4876.259, 0, 1080, 906.0241, 406.747
4876.259, 0, 1081, 906.0241, 406.747
4877.257, 0, 1082, 906.0241, 406.747
4878.254, 0, 1083, 906.0241, 406.747
4879.251, 0, 1084, 906.0241, 406.747
4880.249, 0, 1085, 906.0241, 406.747
4881.246, 0, 1086, 906.0241, 406.747
4882.244, 0, 1087, 906.0241, 406.747
4883.241, 0, 1088, 906.0241, 406.747
4884.238, 0, 1089, 906.0241, 406.747
4885.236, 0, 1090, 906.0241, 406.747
4886.233, 0, 1091, 906.0241, 406.747
4887.23, 0, 1092, 906.0241, 406.747
4888.228, 0, 1093, 906.0241, 406.747
4888.228, 0, 1094, 906.0241, 406.747
4889.225, 0, 1095, 906.0241, 406.747
4890.222, 0, 1096, 906.0241, 406.747
4891.22, 0, 1097, 906.0241, 406.747
4892.217, 0, 1098, 906.0241, 406.747
4893.214, 0, 1099, 906.0241, 406.747
4894.211, 0, 1100, 906.0241, 406.747
4895.209, 0, 1101, 906.0241, 406.747
4896.206, 0, 1102, 906.0241, 406.747
4897.204, 0, 1103, 906.0241, 406.747
4898.201, 0, 1104, 906.0241, 406.747
4898.201, 0, 1105, 906.0241, 406.747
4899.198, 0, 1106, 906.0241, 406.747
4900.196, 0, 1107, 906.0241, 406.747
4901.193, 0, 1108, 906.0241, 406.747
4902.19, 0, 1109, 906.0241, 406.747
4903.188, 0, 1110, 906.0241, 406.747
4904.185, 0, 1111, 906.0241, 406.747
4905.182, 0, 1112, 904.0964, 406.747
4906.179, 0, 1113, 904.0964, 406.747
4907.177, 0, 1114, 904.0964, 406.747
4908.174, 0, 1115, 904.0964, 406.747
4909.171, 0, 1116, 904.0964, 406.747
4909.171, 0, 1117, 904.0964, 406.747
4910.168, 0, 1118, 904.0964, 406.747
4911.166, 0, 1119, 904.0964, 406.747
4912.164, 0, 1120, 904.0964, 406.747
4913.161, 0, 1121, 904.0964, 406.747
4914.158, 0, 1122, 904.0964, 406.747
4915.155, 0, 1123, 904.0964, 406.747
4916.152, 0, 1124, 904.0964, 406.747
4917.15, 0, 1125, 904.0964, 406.747
4917.15, 0, 1126, 904.0964, 406.747
4918.147, 0, 1127, 904.0964, 406.747
4919.145, 0, 1128, 904.0964, 406.747
4920.142, 0, 1129, 904.0964, 406.747
4921.14, 0, 1130, 906.0241, 406.747
4922.137, 0, 1131, 906.0241, 406.747
4923.134, 0, 1132, 906.0241, 406.747
4924.131, 0, 1133, 906.0241, 406.747
4925.129, 0, 1134, 906.0241, 406.747
4926.126, 0, 1135, 906.0241, 406.747
4927.123, 0, 1136, 906.0241, 406.747
4928.121, 0, 1137, 906.0241, 406.747
4929.118, 0, 1138, 906.0241, 406.747
4930.116, 0, 1139, 911.8073, 408.6747
4931.113, 0, 1140, 911.8073, 408.6747
4932.11, 0, 1141, 911.8073, 408.6747
4933.107, 0, 1142, 911.8073, 408.6747
4934.105, 0, 1143, 911.8073, 408.6747
4934.105, 0, 1144, 911.8073, 408.6747
4935.104, 0, 1145, 911.8073, 408.6747
4936.099, 0, 1146, 911.8073, 408.6747
4937.097, 0, 1147, 921.4458, 408.6747
4938.095, 0, 1148, 921.4458, 408.6747
4939.092, 0, 1149, 921.4458, 408.6747
4940.089, 0, 1150, 921.4458, 408.6747
4941.086, 0, 1151, 921.4458, 408.6747
4942.083, 0, 1152, 921.4458, 408.6747
4943.081, 0, 1153, 921.4458, 408.6747
4944.078, 0, 1154, 921.4458, 408.6747
4945.075, 0, 1155, 929.1567, 408.6747
4946.073, 0, 1156, 929.1567, 408.6747
4947.07, 0, 1157, 929.1567, 408.6747
4948.067, 0, 1158, 929.1567, 408.6747
4949.065, 0, 1159, 929.1567, 408.6747
4950.063, 0, 1160, 929.1567, 408.6747
4951.06, 0, 1161, 929.1567, 408.6747
4952.057, 0, 1162, 929.1567, 408.6747
4953.054, 0, 1163, 929.1567, 408.6747
4954.051, 0, 1164, 938.7952, 408.6747
4955.049, 0, 1165, 938.7952, 408.6747
4956.046, 0, 1166, 938.7952, 408.6747
4957.043, 0, 1167, 938.7952, 408.6747
4957.043, 0, 1168, 938.7952, 408.6747
4958.041, 0, 1169, 938.7952, 408.6747
4959.038, 0, 1170, 938.7952, 408.6747
4960.035, 0, 1171, 938.7952, 408.6747
4961.033, 0, 1172, 948.4338, 406.747
4962.031, 0, 1173, 948.4338, 406.747
4963.027, 0, 1174, 948.4338, 406.747
4964.025, 0, 1175, 948.4338, 406.747
4965.022, 0, 1176, 948.4338, 406.747
4966.02, 0, 1177, 948.4338, 406.747
4967.017, 0, 1178, 948.4338, 406.747
4968.014, 0, 1179, 948.4338, 406.747
4969.012, 0, 1180, 948.4338, 406.747
4970.009, 0, 1181, 960, 400.9639
4971.006, 0, 1182, 960, 400.9639
4972.003, 0, 1183, 960, 400.9639
4973, 0, 1184, 960, 400.9639
4973.998, 0, 1185, 960, 400.9639
4973.998, 0, 1186, 960, 400.9639
4974.995, 0, 1187, 960, 400.9639
4975.993, 0, 1188, 960, 400.9639
4977.988, 0, 1189, 963.8555, 397.1084
4978.985, 0, 1190, 963.8555, 397.1084
4979.982, 0, 1191, 963.8555, 397.1084
4979.982, 0, 1192, 963.8555, 397.1084
4980.979, 0, 1193, 963.8555, 397.1084
4981.977, 0, 1194, 963.8555, 397.1084
4982.974, 0, 1195, 963.8555, 397.1084
4983.971, 0, 1196, 963.8555, 397.1084
4984.969, 0, 1197, 971.5663, 387.4699
4985.966, 0, 1198, 971.5663, 387.4699
4986.963, 0, 1199, 971.5663, 387.4699
4987.96, 0, 1200, 971.5663, 387.4699
4988.958, 0, 1201, 971.5663, 387.4699
4989.955, 0, 1202, 971.5663, 387.4699
4990.953, 0, 1203, 971.5663, 387.4699
4991.95, 0, 1204, 971.5663, 387.4699
4992.947, 0, 1205, 971.5663, 387.4699
4993.945, 0, 1206, 977.3494, 379.759
4994.942, 0, 1207, 977.3494, 379.759
4995.939, 0, 1208, 977.3494, 379.759
4996.937, 0, 1209, 977.3494, 379.759
4997.934, 0, 1210, 977.3494, 379.759
4998.931, 0, 1211, 977.3494, 379.759
4999.928, 0, 1212, 977.3494, 379.759
5000.926, 0, 1213, 977.3494, 379.759
5001.923, 0, 1214, 977.3494, 375.9036
5002.92, 0, 1215, 977.3494, 375.9036
5003.918, 0, 1216, 977.3494, 375.9036
5003.918, 0, 1217, 977.3494, 375.9036
5004.915, 0, 1218, 977.3494, 375.9036
5005.913, 0, 1219, 977.3494, 375.9036
5006.91, 0, 1220, 977.3494, 375.9036
5007.908, 0, 1221, 977.3494, 375.9036
5008.904, 0, 1222, 977.3494, 372.0482
5009.902, 0, 1223, 977.3494, 372.0482
5010.899, 0, 1224, 977.3494, 372.0482
5011.896, 0, 1225, 977.3494, 372.0482
5012.894, 0, 1226, 977.3494, 372.0482
5013.891, 0, 1227, 977.3494, 372.0482
5014.889, 0, 1228, 977.3494, 372.0482
5015.885, 0, 1229, 977.3494, 372.0482
5016.883, 0, 1230, 977.3494, 372.0482
5017.88, 0, 1231, 977.3494, 366.2651
5018.878, 0, 1232, 977.3494, 366.2651
5019.875, 0, 1233, 977.3494, 366.2651
5020.873, 0, 1234, 977.3494, 366.2651
5021.87, 0, 1235, 977.3494, 366.2651
5022.867, 0, 1236, 977.3494, 366.2651
5022.867, 0, 1237, 977.3494, 366.2651
5023.864, 0, 1238, 977.3494, 366.2651
5025.859, 0, 1239, 977.3494, 360.4819
5026.856, 0, 1240, 977.3494, 360.4819
5026.856, 0, 1241, 977.3494, 360.4819
5027.854, 0, 1242, 977.3494, 360.4819
5028.851, 0, 1243, 977.3494, 360.4819
5029.849, 0, 1244, 977.3494, 360.4819
5030.846, 0, 1245, 977.3494, 360.4819
5031.843, 0, 1246, 977.3494, 360.4819
5032.84, 0, 1247, 975.4217, 354.6988
5033.838, 0, 1248, 975.4217, 354.6988
5034.835, 0, 1249, 975.4217, 354.6988
5035.833, 0, 1250, 975.4217, 354.6988
5036.83, 0, 1251, 975.4217, 354.6988
5037.828, 0, 1252, 975.4217, 354.6988
5038.824, 0, 1253, 975.4217, 354.6988
5039.822, 0, 1254, 975.4217, 354.6988
5044.809, 0, 1255, 971.5663, 350.8434
5045.807, 0, 1256, 971.5663, 350.8434
5046.803, 0, 1257, 971.5663, 350.8434
5047.8, 0, 1258, 971.5663, 350.8434
5049.795, 0, 1259, 963.8555, 345.0602
5049.795, 0, 1260, 963.8555, 345.0602
5050.792, 0, 1261, 963.8555, 345.0602
5051.79, 0, 1262, 963.8555, 345.0602
5052.787, 0, 1263, 963.8555, 345.0602
5053.784, 0, 1264, 963.8555, 345.0602
5054.782, 0, 1265, 963.8555, 345.0602
5055.779, 0, 1266, 963.8555, 345.0602
5056.777, 0, 1267, 963.8555, 345.0602
5057.773, 0, 1268, 960, 343.1325
5058.771, 0, 1269, 960, 343.1325
5059.769, 0, 1270, 960, 343.1325
5060.766, 0, 1271, 960, 343.1325
5061.763, 0, 1272, 960, 343.1325
5062.76, 0, 1273, 960, 343.1325
5063.758, 0, 1274, 960, 343.1325
5064.755, 0, 1275, 960, 343.1325
5065.752, 0, 1276, 950.3615, 339.2771
5066.75, 0, 1277, 950.3615, 339.2771
5067.748, 0, 1278, 950.3615, 339.2771
5068.745, 0, 1279, 950.3615, 339.2771
5069.742, 0, 1280, 950.3615, 339.2771
5069.742, 0, 1281, 950.3615, 339.2771
5070.739, 0, 1282, 950.3615, 339.2771
5071.736, 0, 1283, 950.3615, 339.2771
5072.734, 0, 1284, 938.7952, 337.3494
5073.731, 0, 1285, 938.7952, 337.3494
5074.729, 0, 1286, 938.7952, 337.3494
5075.726, 0, 1287, 938.7952, 337.3494
5076.723, 0, 1288, 938.7952, 337.3494
5077.72, 0, 1289, 938.7952, 337.3494
5078.718, 0, 1290, 938.7952, 337.3494
5079.715, 0, 1291, 938.7952, 337.3494
5080.712, 0, 1292, 938.7952, 337.3494
5081.709, 0, 1293, 934.9398, 337.3494
5082.707, 0, 1294, 934.9398, 337.3494
5083.705, 0, 1295, 934.9398, 337.3494
5084.702, 0, 1296, 934.9398, 337.3494
5085.699, 0, 1297, 934.9398, 337.3494
5085.699, 0, 1298, 934.9398, 337.3494
5086.696, 0, 1299, 934.9398, 337.3494
5087.694, 0, 1300, 934.9398, 337.3494
5088.691, 0, 1301, 927.2289, 337.3494
5090.686, 0, 1302, 927.2289, 337.3494
5090.686, 0, 1303, 927.2289, 337.3494
5091.683, 0, 1304, 927.2289, 337.3494
5092.68, 0, 1305, 927.2289, 337.3494
5093.678, 0, 1306, 927.2289, 337.3494
5094.675, 0, 1307, 927.2289, 337.3494
5095.672, 0, 1308, 927.2289, 337.3494
5096.67, 0, 1309, 927.2289, 337.3494
5097.667, 0, 1310, 917.5904, 337.3494
5098.664, 0, 1311, 917.5904, 337.3494
5099.662, 0, 1312, 917.5904, 337.3494
5100.659, 0, 1313, 917.5904, 337.3494
5101.657, 0, 1314, 917.5904, 337.3494
5102.654, 0, 1315, 917.5904, 337.3494
5103.651, 0, 1316, 917.5904, 337.3494
5104.648, 0, 1317, 917.5904, 337.3494
5105.646, 0, 1318, 898.3133, 337.3494
5106.643, 0, 1319, 898.3133, 337.3494
5107.64, 0, 1320, 898.3133, 337.3494
5108.638, 0, 1321, 898.3133, 337.3494
5109.635, 0, 1322, 898.3133, 337.3494
5110.632, 0, 1323, 898.3133, 337.3494
5110.632, 0, 1324, 898.3133, 337.3494
5111.629, 0, 1325, 898.3133, 337.3494
